0.0116653696656477
0.00555323634368055
-0.153665652254131
-0.0205573119697128
0.166377181396038
-0.00242283649303232
0.014290517118952
-0.0175033518434897
0.202102772890411
0.0352503983249042
8.79140951481894e-05
0.476460212227958
-0.00845715732163965
-0.00639547965269882
0.067981416351548
-0.0491423782012168
0.882995559857958
0.0814759552224986
0.0167275323046834
-0.011791630332908
-0.00228457495502488
0.000948998519900712
0.0132782618178978
-0.0171850736257695
-0.00989647345180367
-0.0160097745819709
0.00669107187003526
-0.00502964024401698
0.00102986081402245
0.0244917922908705
0.00190937789185247
-0.00558731824021885
1.70810497785003
-0.00295941603066785
-0.907988022808381
-1.16351676754365
0.0214731763647391
0.00369850734555088
0.0361141727668102
0.00773471713604867
0.0115151927608692
-0.0147911202191486
-0.0148863644431091
-0.000221556099366804
-0.0152473319824931
0.021398650159668
-0.00533565647621304
-0.010678104217815
0.00513606982158743
0.0200639695448257
0.940576744031502
-0.0940899025074105
-0.0119654843967365
0.00297477417139369
0.00720747615575723
0.0105067076941495
-0.00659406112254457
-0.0133052280473223
-0.01079670072342
0.00557772763927766
0.0994933618946398
0.00704880842244959
0.0607991868425417
0.0095968309494876
-0.0213418012495803
-0.0172078213750038
0.00699927086156849
5.69785307774101
0.00621026377175538
-0.000856787621256183
-0.0129341989846599
0.00178038831958882
-0.0301202911288267
0.0068719243085269
0.0929156138966825
0.0167437466814913
-0.0271624811895355
0.0179211918990507
-0.01148032192968
-0.0144987555750931
0.0143504397438432
-0.0630386494949203
-0.0124864273374659
0.0117654083047203
-0.0311270114212614
-0.0234296276137802
-0.00705549074638823
0.0582636870206987
-0.0211128550067663
0.0423257213411743
0.0167825874982985
0.76310773253539
0.00555736179855826
-0.0184271790992452
-0.0171432612528166
0.0106183220019401
0.00662235043105697
0.0510984353742305
0.0064852422183459
-0.760834183728476
-0.028646839542458
-0.000767074089136344
-0.017633524443833
-0.0238766711220029
-0.00471611902594093
-0.00447933403548428
-0.0135151123181548
0.0219663761091393
-0.00878704450325285
-0.0138197914723359
0.00864009329294424
-0.0193712959605463
0.0104547786641485
0.0264704526975412
0.0138712716390987
-0.0343267074444542
0.0202138827546827
3.89375214871432
0.0139407710982697
0.00231473914624747
0.00910882278243597
4.13174492700866
-0.0125116841123818
-0.0107173452959464
0.000320339676684878
0.0032599244989634
-0.0277231255000454
-0.00443378279681023
-0.023529972388675
-0.00331200544700927
-0.0040546237388972
0.00888739316289994
-0.011947437595683
-0.0308562365921305
0.00760688115649111
-0.00452095151755039
0.0327064293578316
-0.015399283724582
-0.00440827719875303
-0.00846258657684618
0.0091251489037214
-0.0537661662102007
0.380688557971434
-0.0383198904966214
-0.00900124867384555
0.0125931493819009
0.0149141982872969
-0.0315038540136869
-0.00539190588900729
-0.0133340028744489
-0.00822709356577134
-0.00299495993128507
0.0428399566751114
-0.00849889521796765
-0.043299747377451
0.0215487649259383
0.00620333421974539
0.0972292458972027
-0.0210220544825154
1.32585582291932
-0.0567784483369221
0.0232845937290449
0.00441812725859581
0.0402143817313738
0.00368695059502766
-0.0557390940339353
-0.00855683390557083
-0.271238465439883
-0.00729609948423859
0.0388885592916388
0.000763912309564851
-0.00952567903025336
0.011325335608009
-0.0140518393298761
0.0206401920329946
2.25818189699165
-0.00344492758507162
-0.00881106981378554
-0.0837890325153356
0.756288035220265
0.0397439716132042
-0.0537211838732232
-0.00825591963171668
0.328095035701792
0.00644755946471731
0.0363998033413693
0.000853264658068342
0.0112798533094871
0.00865332085802084
-0.000696848951431406
0.0122975371871559
-0.00744906624363662
-0.0430117616183667
-0.0278858483741984
0.0429482032691553
0.244025517177859
-0.0315458490066534
0.00374478893903352
0.0352035193230293
-0.0112400192517903
0.00721541687508376
-0.0075645142122438
0.0226747316217107
-0.00990131360650848
0.0151227131541587
-0.0452983945435914
-0.0240759805520629
-0.0260342097362531
-0.0235888142508744
0.003457230876662
-0.025981551269183
0.00254235073555709
-6.62830096925331
0.0557547648160073
-0.00606602094562758
0.00409934116456512
-0.0303882288294754
0.0144530802400178
0.00143231583846215
-0.00749029876006002
-0.0132125340067013
-0.00589318067554245
-0.724635621951333
-0.0241417120115717
0.000476786655501105
-0.00358929578154754
3.49945204510985
-0.0104730075467928
0.00178534778361161
-4.6681793596263
3.19811246820554
-0.00386040781789609
0.0231038216290669
0.0020632841867041
0.157755518212166
-0.081182018035833
-0.00436999600489374
-0.0162777982523621
0.00195048313896828
-0.379927189656803
-0.104442837869767
-2.04211701155786
0.0159623627997985
-0.00408517919134599
-0.0150975446396751
-0.0145634806671957
0.0279433044398703
0.0453253065866854
-0.0513626981978321
-0.00440227700621715
0.0180214841164039
0.0228465441073356
0.0203410443473717
-0.0125198347909472
0.00367402695694574
-0.0215008794657856
0.0360040958499397
0.030906094541383
0.0124178602256886
-0.00707283544468806
-0.0109027284132979
-0.00613679116057142
-0.0474498624314201
-0.0351506987984251
-0.0126096620161831
0.0329134522430441
0.075241818144986
-0.00480843956269794
-0.00660464589360976
0.0517306852175214
0.00137333327526051
-0.000265405939398056
0.00220412780065349
-0.0108554355855967
-0.00285046393756483
-0.0614305979941498
-0.0122801492047686
0.00870075860301411
0.0121622869398152
0.0273704465344415
0.00453356078395639
1.44396587861686
0.0283211442068554
-0.0208330615962156
-0.0260730267368836
1.24955245160953
-0.00422595156203132
0.00262790712238781
0.0082423091465722
-0.00793594081624771
0.00536888769588906
-0.000693906298537827
-0.0531297197500558
-0.00511987137207237
-0.0236210552446658
-0.0206813334488576
-0.00689640306397732
-0.0145922294871315
3.04320502272792
-0.0135601356899218
-0.0164441724673003
-0.00878073212325359
-0.0318981269309904
-0.0404013656706836
0.00927538350439239
-0.00117702365751149
4.95560825533334
-0.00965457903873146
0.0226483245258036
-0.0111668212803062
-0.0414120502124693
0.00127728635281876
-0.0167124608810909
-0.0928802121513694
0.00652429538823274
-0.00302201552158654
-0.428124384949963
-0.0252094951667114
0.00741205865963934
-0.00689600351877484
0.0421491913912775
-0.0243421972421609
0.0971698865066428
0.0199002095353285
0.000175830711901526
-0.0165736776687297
0.0288150418371158
-0.0401010079117858
0.00509610243234482
0.0236910123663669
0.0687962096154016
-0.00814761293883581
-0.0213999603158183
0.150237295083322
0.127237159558791
0.0263718273330327
-0.01195511309805
6.17668314302992
0.00464781202029751
-0.00371846862279313
-0.431441495487805
-0.0115703117014809
0.0161450663673457
-0.0784493495418814
-0.0186854382591903
-0.00542891836832204
-0.0204490567590754
-0.00488685407038503
0.00430253725793861
-0.00620180361896039
-0.00876428969029397
0.0242033543977546
-0.00743615547644794
-0.0531201429628508
0.0278481285013066
-0.00163043243505689
0.47169038826147
0.00220868034508381
0.728378044182979
0.00271331107855044
-0.000743579687345619
-0.0178463279922381
-0.0127660780395833
0.0021827512363487
-0.0224975537577388
0.0504303445640675
-0.0491058931068933
-0.00852874595851372
0.0116466971120555
0.034304322598222
-0.00960462777083726
-1.03401382938881
-0.0183079253379157
2.48118610930003
0.0181170580079937
0.00730902857785654
-0.0702373714882576
5.10729309409053
-0.0174127527966861
0.00817198311954814
-0.984104947196746
-0.00966218063809254
-0.0161035928051959
2.48863230172338
-1.28710929819635
-0.00141790299855171
-0.0330682102181901
0.0126292086821578
-0.0231176089859508
0.864859943527948
-0.00134299091881437
0.00606382883507894
-0.00173304092221382
0.0222935440463479
0.00815661043496452
0.00055255811574062
-0.00827315420562913
0.000413621035516565
-0.0173652101151611
2.22415479472277
-0.0205007498840337
0.00972086397786898
0.00456001086517679
-0.0516857142559501
-0.0106770892017216
0.00768917559723636
0.0108307245322403
0.00342704661246973
-0.0176021726399078
-0.0101649371857859
-0.012193977305347
-0.00185778201492598
-0.00294027329149626
-0.529529185026578
-1.12294216276302
-0.0370773375529598
0.0641501588898474
0.00732722965686404
-0.00335482204611715
0.169178354229704
-0.0054128085253638
0.0515694363422914
0.0004063168274962
0.00607380330119867
-0.00842477550854204
0.00444813434896663
0.000763092175781743
-0.0283717450738408
0.00284055619010626
0.00122124578532112
0.0238966086840098
0.00241340522609268
0.00373028898646988
-0.00261130296104473
0.625284846658929
-0.00174730521125266
-0.0136162368472137
0.00187124001579525
0.009030547678128
0.0128060655502304
0.00291319277042623
0.0203798053000082
0.000464702584968002
-0.017606700538636
-0.0138590931466787
0.000940589288966898
0.0676709479285692
0.0130504437362733
-0.0180397301034585
-0.000301602019148195
0.0176949400048476
-0.0145020766843307
-0.00792554551411473
0.0148936982349468
0.00795977560104633
-0.0168700400353827
0.0151179271578483
0.0393481940646534
0.0246637331208555
-0.0111683478283831
-0.00157286998317963
2.02505794792558
0.00423593168520642
0.0235844272821889
-0.00968196360626727
0.0521733391476653
0.000147287028440246
-0.0176131093248044
0.0148714186896451
0.0207101043477653
-0.0236457078781199
-0.000674166068903581
-0.0403887449456741
-0.00224788372507057
0.0385709263599598
0.00696064534115859
-0.651108514919635
-0.0378150064591631
0.00341394551072183
0.00165448889902775
0.0334025013850048
-0.0322071960178583
-0.0168582029676734
-0.736856158473875
0.00323576877435117
-0.00721355475924446
-0.00286088493836045
0.00725030311037322
0.0142949923781499
0.0130127671017111
-0.013281277431712
0.00619876864773605
0.0296071605387027
0.00607791192089851
-0.0129241843973338
0.0693405320110752
0.00454724243099669
-0.0289434848416814
-0.00316031451829124
-0.00659479635817251
0.0462449728912961
0.0111669688778571
-0.00967252256820483
-0.00491716667466724
0.0175223519898626
2.0735191507473
0.030327443550715
0.140007166966638
0.00553611868022719
-0.00271832699157981
-0.0375389580833274
-0.0460414839699413
-0.0536242382615626
0.0941749636520106
0.0154841464620026
0.0105397692125031
0.0228156601650376
-0.011982444961034
-0.0218486245761818
0.0353985920980515
-0.00295978579236411
-0.0040674846679134
0.00566231349918497
-0.00818192004032325
-0.00245362287907697
0.00238693117456269
0.000180372685476549
-0.0143241140136474
0.0294432750389401
0.000849678292069722
-0.00658402519840839
0.0105214813604981
-0.0447783477628527
0.000266602261700388
-0.0091176894020828
-0.0441961024301052
-0.00866979926543929
4.23803193817679
-0.0226662426601965
0.0222937257113864
0.0443939091546275
0.00339349581963133
-0.0148548159193407
0.00602273187844116
0.00106698059745836
0.0158138926401485
0.0188653954852902
-0.00224060425511319
3.30827589276812
0.00307817000410049
-2.27339101845307
0.014207389554155
0.00538896375109621
0.411902165394597
-0.0222238999690705
0.00311586368305083
0.00276319813607567
-0.0321307716020069
-3.51791185440362
0.0190264749421021
-0.016961229251411
0.0200063102587356
0.0460888816415261
0.0139610569057202
-0.00396002401076845
-0.0204887574108414
-0.0209738776452695
0.0320967443082298
-0.00189235370033902
-0.0382654342181488
-0.0293850579718313
0.0877820208881608
-0.0117981503997111
-0.00295706321350453
-0.0131342568834125
0.00949302170616395
-1.14136235196789
0.0740531280048251
0.0114624102565686
-0.0243525403773148
-0.00635951277588864
0.0250825326726156
-0.00100869866061781
-0.0122038314547823
0.0165229717108639
0.00722853097568366
-0.00511367707312083
0.117593483794037
0.208603693810518
-0.00570370640338158
0.0322068300048162
-0.0422632114770338
0.0276346895893453
0.0255733390276847
0.011367062526757
-0.0127958269006023
0.00284021707946946
0.0553296814002513
-0.00893250982023641
-0.0198773650908035
0.0375051396143133
-0.0176132993672251
-0.00174823534451196
0.00239580001060169
0.0214887078769599
0.00323807818267685
0.0312067840862351
0.00286056631412235
0.0156637611494981
-0.00439357791939265
0.0207185993374326
-0.0129518989829436
0.0296288517098953
0.00886592856436663
-0.00653074691480127
0.00576966212581381
0.031331003546331
-0.0163373163059699
-0.0082610893859969
0.00860253336387728
-1.84268353992451
-0.0856338399347956
-0.00471354154248926
0.0306910232043794
0.0267523034911593
-0.00282572084443489
0.0381915416569956
1.15669468970653
-0.00208638804501948
0.0126444176058366
0.00146117458311723
-0.00259058387006572
0.0154352846735151
-0.000617306190875411
-0.0024999635580919
-0.0010498430997874
-0.0372236696389416
0.0265995505667305
-0.959412563759787
0.000245863561343374
0.403276051323243
0.0516900468258252
0.02604867209412
-0.00707843200545011
0.00186080233603447
0.0205951126870607
-0.0134627431910728
0.0121357253980658
0.0116765318363354
-0.710909231540036
5.46200691731169e-05
-0.00959196611107771
0.0351585354744333
0.0512476138548434
-0.00908499965207032
0.00365876405970522
0.0110914262719475
0.0490864341524899
-0.000345297298565139
0.0267829773187511
-0.03340783901844
0.0188244849984642
0.0288473466995565
0.0250014831846557
0.0102116068604441
-0.0835134523262896
-0.0204017937331435
0.015874239339525
-0.00171281665980461
-0.00132132854013811
0.0116873044182619
-0.0120478768416088
0.01229530187149
0.0311957605875657
0.0016106544255462
0.0248279238288185
0.00586046164204879
-0.0191707251485429
-0.0103281488952778
0.501867110195442
-0.00594884079353486
-0.0113258254639481
-0.014341323357836
0.00309865058012448
-0.0222687162138885
4.65475953774177
0.019235927716843
-0.00741702844607173
0.00949674989119131
-0.0473766776081963
-0.593543980364597
-0.00380460313960662
-0.000555513733119239
0.033123488771114
-0.0271053964248369
-0.00153089418095664
-0.0222376096274055
-0.0082245314684648
-0.0202568634917633
-2.51911253471727
-0.0103652476295735
-0.000447625331276291
-0.00742837126758711
0.0199030073211204
-0.0116538862240112
0.00882690208126036
-0.00257768214629306
-0.00290300684099853
-0.00505296762962903
-0.0174892777693669
-0.00866429998147011
-0.0574539289382225
-0.00649223341417371
0.0325548403484643
-0.0102410965453048
-0.00243594581843531
0.0184803670612799
-0.00436016186099453
0.0930429201562
0.0061917223021464
0.0252519579891808
0.0127681890328413
-0.00375739097991934
0.00610889931224046
-0.00294684317424521
0.0123477798451288
9.93634249879527e-05
0.0147905725521591
0.00105692497411325
-0.0287430231830144
0.01924842476283
-0.00522807228646727
-0.000772911515534158
-0.0134597415988091
-0.31122342945773
0.020658684173247
-0.0081886375642104
0.00153130873512541
0.00989134720974505
0.0289937592354184
0.00341359047578704
0.0181745443058712
0.0273787941526882
-0.200337574719078
0.00230263495783478
0.00266547340186385
0.00187903415509449
-0.0044789137507828
-0.0200548883396101
-0.000442790366628198
-0.0318486288585218
0.0351435869305916
0.0128076388054565
0.00617320279197725
-0.0153468775068943
0.658450175019254
-0.0100776631113408
-0.0208308962808768
-0.00693630246101362
0.0191576610635749
-0.00363485847719169
-0.0230786319872611
-0.0218315073495068
1.84353652837719
0.478959161216241
0.00113327103525851
-0.0173720656105436
-0.0051295544443497
-0.0118789899441474
0.0203662057769748
0.0105855894453555
-0.488078600070863
-8.53958886937178e-06
0.000773620445643219
0.0046914638820561
0.524648927708204
-0.0215160132163938
-0.00545662191214213
0.0091285004726771
0.013956825129513
-0.00933565815898763
-0.00131762012128833
-0.0243420417407658
0.00947663246544383
0.0221083561509919
-0.0774656333800805
-0.0680800587626096
0.0162688218613094
0.00987058302573951
-0.00725722395107931
0.0140785940731636
0.00887860307784982
0.0124594380828014
-0.00663422971569627
-0.01941317425741
0.00516526112550597
-0.016008348991603
0.0117231650961613
0.0134621688318126
-0.147664882882095
-0.0074935774113466
0.00325292113842468
0.0174950983917843
0.165536000214483
-0.00141553274112249
0.00380825232522142
0.000841623442865425
0.0116893899912984
-4.02161684419918
0.0280628920592663
-0.16355345751351
0.0137957246241549
1.33970098268206
0.00196207333393872
-0.00310456057056596
0.0141187085921368
-0.000617349838960557
-5.39271079291748e-05
-0.00899013611010968
-0.00605691017301346
0.274007857688141
0.019298652959826
0.00384587622904164
-0.0173879108814612
-0.0177325970558639
0.00597048911384901
0.0140571172416004
-0.0166471516206412
-0.0101112811434101
-0.000867281211769377
0.00672688748687422
0.0121820585510801
0.00307645904642495
0.0197088057782735
-0.720549265840387
-0.000885893189594977
-0.0188916713394716
0.00258198183630265
0.0331820822836226
1.97989394013092
0.0166634593072978
-0.00767998292924843
0.0097071043138941
-0.00436911480976576
0.00625015585754563
0.001072187254747
0.011629202083574
-0.0138901311264594
-0.000380106075614783
-0.0141113556293926
-0.0126773118587331
0.00426159969658946
0.028071807574459
-0.00442537175021074
0.00160694318397381
-0.341211890759291
0.000980331020589142
-0.00021259814508845
0.00701423205951013
0.00882634422894601
0.00344627636457151
-0.0334962756237622
0.00757605944927409
-0.0201063634260062
0.0889740939104887
0.00704959910257097
0.00916174056470043
-0.0261566198543506
-0.0209267185743434
0.0251259595099196
0.0472451850690669
-0.0208848585970478
0.0455317740312933
-0.0146134968238676
0.016668801477443
0.00323101916293034
-0.0208319466963647
0.0402758560310579
-0.00587862568090514
-0.0111292571597033
0.0160675031227103
0.00354870099208426
-0.38662945668881
0.0231100108031512
0.000432094358915336
1.034590827628
0.00141941761632736
-0.0285252272840708
-0.027819365474635
0.00203961729234869
0.00358335412405514
-0.00244740682390221
-0.00992032097015816
-0.0352711071877176
1.03122719971962
-0.00194737831321623
0.0176622842367635
-0.00588949327506583
-0.0058035314529567
0.0087915756409207
0.0395887759492924
-0.00161800963277003
-0.00500895581273531
0.0210446137729692
-0.495614565583041
-0.0176100292043013
0.00116083842852666
0.0107321538434652
-0.00200821073253477
-0.00432156048522092
0.0704615160000477
-0.0339832617676589
0.00753066622373177
0.000363506178407969
-0.0164898796557122
-0.00250776447409118
0.00986133282365742
-0.0110459406481023
0.000742835848118514
-0.0107698104808707
-0.0260270352084424
0.00353651123950749
0.000584347650241408
-0.0215464698942736
-0.033495846892001
-0.00184495819541275
4.53484371219876
-0.330933090482344
-0.0372193869491499
2.3653043586144
0.0154696694314671
-0.0145129457068904
-6.12497520751509
0.00823146441895628
0.0325262930393588
-0.00557846627920466
0.00736396695291963
-0.000909044120231406
-1.5420531095494
0.00870262816483613
0.00293557904013086
0.020864356332162
0.00786139712531247
-0.00154570086779993
0.0547403921115241
0.00358635008910202
-0.0199244963534628
-0.667042802204335
-0.0125007600812965
-0.0261549942638162
-0.00440090147521555
-0.00871191187596376
-0.961489194530107
-0.0147876696822064
0.00520301294855141
0.00444500662607483
0.00158444298194449
-0.0103066401378554
-0.0295920664097338
-0.0244667162110204
-0.0124476899045489
0.0195975833307549
0.00836992828207039
0.0157975010284972
0.374025844539032
-0.0139536356150161
-0.00525994879013725
-0.00249045455255059
-0.0125499665905027
0.0165162602283553
-0.000175643993674535
0.00925207307110876
-5.13735495699663e-05
0.0261114839999577
-0.00725325271411781
-0.0228827780563656
-0.00787007287715857
0.0105278255635333
0.00806912984784303
0.0173095376571009
-0.0352939572047517
0.0034042356726216
0.00184815590354992
-0.0270703547960355
4.43180854289698
-0.0168740014423241
0.00745620238139511
-0.0558629285953405
-0.00818942224278252
0.00430463483818699
0.00195563107214247
0.00195388383896766
0.0242386246043502
-0.00267782718894605
-0.0128510769396351
-0.0462861843205792
0.00865153158122189
0.00822758776618526
-2.402877894512
0.0178179707053694
-0.0237206882247265
0.00117309902959439
-0.00645767527075458
0.00423886928747619
-0.00146898996498113
-0.00422942286021355
0.0140082627791083
0.0192849911414772
-0.0327482769354681
-4.56196481288659
0.00241988942638605
0.0058051914675894
-0.0113738727533286
-0.715588083186391
0.00392168518365543
1.15743779376866
-0.00503920685148707
-0.000851732576183373
-0.00429094744785474
-0.0170730812872222
-0.0103740673602859
0.00183200886156309
-0.00674731963359876
0.0161712135358538
-0.0124118803539242
-0.0865240985996496
0.00565831938874606
-0.0137684162052343
-0.032831933426769
0.00761942399701843
-0.00354082999470817
-0.0254960082065936
-0.0130383631243902
0.045536018192488
0.0091775381564102
-0.0607413530196332
-0.00795007373283196
0.203029491088846
0.0237172767181493
-0.000772878085152084
-0.0145192471529609
0.0189454094167318
0.00930824680608344
0.0080070797437104
0.0026100463494938
0.00251681618598787
0.0464084746339521
0.0192949344247406
0.00458462904396884
0.00256959777389654
-0.0266603597569359
0.0262227623181649
0.00796003948597135
-0.0200983743556482
-0.00249408793004946
-0.0213875808026093
-0.00623634853305077
0.00502069522860804
-0.000384436587180792
0.00497201985535378
0.504203402408665
0.466782787848879
-1.15817788691655
0.0358674891882571
-0.00427652902713627
-0.383948845223869
0.0230479888282287
0.0266817297615463
0.0810184820514592
0.0484553140199823
-0.0301983586368126
0.0015243470243953
-0.0242944728846062
-0.00511264092232233
0.0164553392854427
-0.00922552383890718
-0.0246460704627915
0.0222656791359355
0.0124380625657228
0.0412766808882803
-0.00441363719817511
0.0285030400093311
0.0364316249512275
-0.00255148741681865
0.0179500241792363
-0.0193609233718361
0.0043282647385845
-0.0110046364204419
0.0299317293186108
0.0106036275873023
0.0341003891504488
0.354947747814377
0.0262108144125694
3.12436758001041
-0.0108347442152545
-0.0304843728095916
0.0147804768481308
-0.0187384824281489
-0.00836086275602943
-0.702328047231579
-0.00421524849608113
-0.0181145331678567
0.00647828220954882
0.0142982788149615
0.0284032851515348
-0.0279549009795321
-5.70700634924813
-0.022069753734244
-0.0253458211075253
-0.000652318418070674
-0.00419118943155716
-0.0257626078783879
-0.0169546442009616
-0.020577387075249
0.00500146483232156
0.00574898001561852
-0.0277176767638609
0.179159065792867
-0.471523668750837
-0.0029630292554747
-0.198635630504532
0.0152819440041863
-0.0209461283380702
3.9736107572012
-0.0154010652691383
0.00292247066579765
0.00541691280923073
0.00585982341835267
-0.000707710551717255
-0.0128876004225814
-0.0267381530795086
-0.0066695775927772
0.032915452360599
0.00452184048476134
0.00203958257630199
0.0197854555406662
0.0120170463580621
0.00690499126197452
0.0153114671563231
-1.9809929078215
-0.0133399918742255
0.0141570185721029
-0.0121420828493368
0.0147856878427242
-0.00674870030372698
-0.0199859615777953
-0.0249305460047422
-0.0312255253801852
-0.0127345728780259
0.0350645474870626
-0.754122870649909
-0.0227051246690424
-0.0297428108583686
0.0239943188058089
3.08825477240829
-0.0202884478718746
0.0119130069546197
0.0260844391473225
-0.0340673864107577
1.92269382893412
-0.00532488089382555
-2.65884174814074
-0.0075034669495655
0.00418449839608703
-0.0109091654033944
-0.00797061355390927
-0.005919053032577
0.00311032691301394
-0.00607931669618089
1.79251569448954
0.0265940024313877
-0.0141957973530449
-1.03668525353158
0.000421540739431459
-0.0258149111524775
0.0073003248224901
0.00112254207268458
0.00501386190853159
-0.0141450304572022
0.0116312666504026
0.0239503296559196
-0.00728105955234426
0.324995187659916
-0.00758646535454766
0.014318545695835
2.12800224898682
-0.453422284552119
-0.0233338064188349
0.0182669851550493
-0.0191584848194454
-1.31200736637783
0.0128206659540275
-0.00590472235527661
0.00932086499612628
2.88306419626849e-05
-0.000274461784541269
-0.0100252213553753
0.0113224280759827
0.000249160937704218
0.0318507608469631
-0.0164211424340754
-0.136835692388226
-0.0012438228587347
-0.111003031359747
-0.0193743173531213
-0.0135178395743174
0.00216527942689115
-0.00992523137637313
0.0332354582069705
-0.68838676873999
-0.0223613225926789
0.267651346117698
0.00325446573301025
0.0126947181789294
0.0171052589473031
-0.021904057781974
-0.0226625448746853
0.0367985632545781
0.0737347724627857
-0.00342035339833124
-3.41937569386018
0.039712324988439
0.0164657805825863
0.0089864081445068
0.0164794351796282
-0.163947549279597
0.00687830699172345
-0.0137491030761465
0.02349917382094
0.00295778065791952
1.64864352203629
0.00237672909021436
-0.00942445275967652
-0.00818651905010181
0.00122863090531444
-0.0380982303722188
0.00337068155673026
0.0126380432327683
-0.0293639850986183
-2.7900931944438
0.468944550850883
0.0201761382583099
0.0335687779425331
-0.013636812012352
0.0142831569120594
0.027314075508289
-0.00388552587148316
-0.0200675037904774
-0.0032202945351778
9.88032573534525e-06
0.0023142953304911
0.00441207449839442
0.0407208951173965
1.90022271388815
0.016038027630616
-0.00301228907233497
0.0064413408138897
-0.00228761099873021
0.0442529204311204
0.00233406405850678
0.0142661741855121
0.00478735645640382
0.0182308519636076
-0.0201833088289582
-0.0146461011674315
-0.0051634742410156
-0.018923331730325
0.178466388552534
0.0340087483845175
-0.00456473337946683
0.0123001029264436
0.0175912140623458
-0.00319849047507592
0.000999363101361617
0.0124681607858279
-0.0101452929393731
-0.00394985655374769
-0.0353445892514459
0.88593389649011
-0.0194615225669353
-0.00376198677465855
-0.02419341686965
-0.000915310679938663
-0.0189867520741821
-0.00304225921256007
0.00204547502838937
0.00439015229781736
0.0135249240255542
0.368226477678912
0.707100870482225
0.0158693194469262
0.418096939075085
0.010158678220562
0.0185973458375566
-0.018686073662777
-1.96347692915369
0.0188637336569542
0.00249873446815929
-0.012218100116268
-0.0168580006610242
2.63989866735205
0.0384926509831351
3.42899565188726
-0.132736042901405
-0.0216609107218463
-0.0111364977074757
0.01169220296387
6.16769788694587
-0.0262368873738761
0.26742013126505
-0.00790656827034386
0.45380476183961
8.3608607148733e-05
-0.928424793336682
0.00424337923207174
0.000432346475709444
-0.00928783163510749
-0.6047239033378
-0.0107923726669235
-0.00504187622626384
0.53677161912673
0.0165399089857576
0.000673369845538563
-0.00821342798331681
0.00670249298114767
0.0313488967339071
-0.0338789701463282
1.9602741827032
0.017893413553087
-0.00914921146222825
-0.0132769093341478
0.418535903518449
0.00431511271205831
-0.0303039969772795
0.0357273533310387
0.00272008209891705
0.0109438822180175
0.0130505510171575
-0.0496339218510999
-0.00120224099882989
-0.0307004489805224
-0.0245539710998555
-0.0278286519732551
0.0198858288662729
-0.0108424549790209
0.01015907140971
0.0164584187674843
-10.6498541530425
-0.0059068651944133
0.0324903524522524
0.00320519406927233
-0.00164048300268504
-0.0017645631598201
0.0173247638984297
-0.00723845976403625
-0.00685594465494876
0.439900892745204
-0.0129751580531412
3.90591877380903
-0.0233261869034718
-0.0302014661954286
-0.00367773364787771
-0.17227709187122
0.0165928926553149
0.00163571372695515
-0.014132629049568
-0.0197181966725857
0.0313203075268609
-0.00654809389093458
-0.0133297825027801
0.000768867289446806
0.0185343754865869
-0.0461600559198305
-0.00702412462720986
0.0154553647224734
0.00532917661222321
-0.0295748045812505
0.0150887302579172
-0.0252758874090486
0.0434860611691179
0.00307828961546575
-0.00208553725252886
0.238048977392546
-0.142988978010228
-0.000749224622698108
-0.01092621976021
-0.00271640749309743
-0.645077713251957
-0.0109743893854986
-0.00945453427926291
-0.000697967791607468
-0.00589649522778068
-0.00905820124800227
0.00186708506539901
-0.0225744407684247
0.00133149201013705
-0.00593604182564933
0.0198065304622075
0.0157154331505593
-0.0233051194391265
0.00785740371503918
0.00571823415722594
-0.566502975203487
-0.0686967503113478
0.0314661626981017
-0.108510006011364
0.00875391853987217
-0.0179595676432193
-0.000821522208599434
-0.872861065225217
0.0112694009223313
0.0122614873528604
1.29536784493363
0.00323302142477555
0.0147804623360392
-0.00271990998288452
-6.75265650487967
-0.00785999118550484
0.0584206205978766
0.00456958053372536
-0.0108337704989192
0.012545118055568
0.00122829114380663
-0.0363137143953751
-0.00476209588361476
-0.0499724271213392
0.0173199443712413
-0.0314727360556488
-0.00628067971147894
0.0322627564664724
-0.00491056225421227
-0.0193235033898786
-0.0147472283126837
0.0102888463115569
6.20448466455257
-0.00309994768233901
-0.0187039028321734
-0.00726632819765261
0.0233118234984786
-0.00833309397578752
-0.000316478966932987
0.00312674423119663
-0.0142284439546336
0.00879607570072327
0.00696166374721807
0.771417664953877
-0.0131691902185427
0.0159117529264285
-0.0171920825775995
-0.00326305628577384
0.0383344638736016
-0.00860865438105929
-0.153471044339537
-0.524942437587861
0.00594286343824635
-0.00326450752122509
0.0074996974283037
0.0124639630238677
0.0033325080069091
-0.0127733412039532
-0.000344754303199107
0.00183295533765504
-0.0178363702653228
0.0075103906893137
0.00274021413232406
0.00588110241387385
0.179845779295046
0.0171968189451643
-0.000663629405901756
-0.0192306936645126
-0.00191880344227457
-0.0183974509405771
0.0408447126283074
-0.00685733461323057
-0.00601057686199502
0.0431818170889109
-0.0103096628076393
-0.0167163384809377
0.06850625077372
-0.00564721869078522
-0.0239192997630866
0.00465561791239133
-0.0121550519829206
0.00500631587473377
0.028665207760295
-0.0162564376658847
1.07151673085355
-0.0848740447735655
-0.00361102829129489
-0.00351018011301996
-1.52350626288958
-0.0105228525490775
0.0225517583654411
-0.00964273487310541
-0.523571498049308
0.0265177139978534
-0.0274851383967878
-0.00288627929013741
0.810832679850004
0.0524142883638667
0.00455752409984356
-0.011122019839381
0.0100502141924141
-0.548846822425469
-0.183317810714922
-0.00154489693506843
0.669999706344748
-0.0215004192641088
-0.0161211409243467
-0.00274386394520931
0.0123374113048969
0.000745529350723584
0.017755987875423
-0.0138396402752261
-0.00656859561291578
0.214660861593852
0.0105767110751699
-0.00501926757359716
-0.00797632036173557
0.128877209587913
-0.0144898107362734
0.00152581813953612
-0.0138346737597161
2.41278775749927
-0.0879717743811903
0.00855033130820193
-0.0104753918620859
-0.0404972437891171
-0.000129495314549199
0.0250395013433491
0.0124416727705579
-0.0143467574214573
-0.00500633743131321
-0.0200652456140427
0.0283289861964686
0.00120159177798354
-0.0835218092138323
-0.0151426094777696
0.265396754025948
0.008380866835489
-2.96723138400097
1.49940704876575
0.0347414761920128
-0.0106351625298984
-0.0107003383551407
0.0171716614119299
-1.20654356012601
-0.776959486961559
0.000783771768242403
0.00342257482430983
-0.0486245799641072
-0.00380715636005835
0.0112765918753047
0.0249286893883482
-0.00593193687852267
-0.0320389009074384
-0.00834945310801416
-0.00262856486699103
0.0153858134548213
0.0123225926064841
-0.00287981496931711
-0.0142746011570827
-0.00754948296867175
0.00132407000799084
-0.0157073219780035
-0.0235883032921325
-0.0120135986787728
0.00867761530197741
-0.0344156584586974
0.00923847022614721
0.00593018367253673
-0.893974523074592
0.00437987410093488
0.0124650680033755
0.0224738083199338
-0.0180734697302565
-0.035032557191228
0.0260362256080837
0.0338511065624894
-0.0251668165208496
-0.00404903339993323
-6.51393800565891e-06
0.0390254713677374
-0.0326267938796254
-4.61435590609398
0.413229063371345
0.00844100220810384
-0.0153902612680057
-0.0139729910688891
0.734731054264559
0.0801914880691146
-0.00316678735576836
-0.00750316548966401
-2.81199094156448
-0.00976335718558818
-0.00103255166979954
0.0183888821300826
-0.0481718667208475
-0.00989296263949058
-0.0361883119811834
0.0204144043817411
0.0266312422634446
0.000214203848802538
-0.229285201102625
-0.485679076631995
-0.0177076797712283
0.0119946752148214
0.00623489740388672
0.0179672972519196
0.0009971058534744
-0.0088465245807634
-0.014998481498657
-0.0200022889871115
0.0129255825360719
0.0112337699248011
-0.0263431511248968
0.0247164498115682
0.0222159012559842
-0.0630233732837993
0.00142381603551178
0.00408961814309938
-0.0340979266856278
-0.0202148111624778
-0.0117099535574816
-0.00325206211476137
0.0448213078363846
-0.0420995110146927
0.0181161758811332
0.00632481760788062
0.0061378930100095
-0.0181993397172675
-0.0091392191211348
-0.00951881408597366
-2.71851198282044
-0.013122288149453
0.00980452610179205
-0.00267687497867986
0.0179049875834392
0.020077743077962
0.0101404199412236
0.00470523139532997
0.0130497961497333
0.0105511137837633
0.020161995111681
-3.22221670028965
4.98970475563952
0.0232244459798969
0.0147795646625537
-0.0658293831288015
0.00526119619050913
0.000767423056835526
0.233153446583543
0.0819745839546193
0.0112380118303945
0.0188961785747344
0.0639222593864452
-0.401398098713601
-0.021353948434133
-0.00498668024404292
2.20285441654749
0.0305160330585363
0.00240228131965781
0.0021454909789248
-0.0832520163080497
-0.0113124964352784
0.63796883392051
-1.35535128506021
0.0195481413944654
-0.0322457570501755
-0.0151448659821363
0.0197915006022731
0.00477572161842188
-0.0266092760779546
0.0105029652326505
0.00779395959725759
0.0155488977482646
0.00324840784635683
1.50783786376604
-0.00119395339024386
-0.00814942783356198
0.000849821663950756
-1.25436522494469
0.0458325762377809
0.613562248852539
-0.00960225174282403
0.017011523688365
0.000421249804993806
0.0397963980371507
0.0224237574253772
0.000858693312255632
-0.00379133014893895
-0.0320653159653184
-0.00302163173527825
-4.29932974026939
-0.0235799007928583
0.0618467081787255
0.0939899451935733
-0.0761484258420153
0.0108724110897351
0.00585227712227576
-0.0221080214864972
0.0270441201391081
0.00677146142613605
0.00481001726596597
-0.0214377822391421
0.023255515495102
-0.00131599050636755
0.0407455901824338
0.0340394301317992
0.00565331219777171
0.00171931536313008
-0.0170198898785223
0.00807820414184812
-0.0302932926211197
0.00500047731312736
-0.000345523731815067
-0.000257640965023453
-0.00364823268897974
1.44967740855861
0.00549068637668015
-0.0161924545141634
0.0111458266552233
-0.0196321107108155
0.0176035458627322
-0.0343347536437444
-0.012969950160191
1.6566546398939
-0.00802285154827831
0.226304518944731
0.650667067470589
0.0126998065839601
-2.37704472276157
0.00152913583213732
-0.0188955532585966
-0.00287983130569103
-0.0383632148094774
0.0098274432733983
0.0593951124754022
-0.0168370278064489
0.0535840475116262
0.0818349711136035
-0.869644798955604
0.0107236868263971
-0.0107671345353499
2.94858567481214
-0.00506350061194039
-0.0106304613505914
0.0386510878211177
-0.0341970696555172
-0.836497639156725
0.0172943036889306
-0.0164219235035734
-0.0198094746368838
-0.00585800567926009
0.0223344817334659
0.0168581549160551
-0.296046513728532
0.0370570875503295
-0.873984275929857
-0.0018298077068879
-0.0398540005672299
-0.0212654472042717
0.0237769572697055
-0.324620119605523
0.88834318623664
1.90540193521671
-0.0150950945125128
-0.349720753776239
-0.0136186373157043
0.000513211513608614
0.0639239378932177
-0.00842306867643305
0.0136695543413168
-0.0296960522842282
0.028851138962388
-0.0145532020750849
0.478686583053201
0.207080317738439
0.0444318448664438
-0.00226439081415508
-0.012864702915294
0.0142485694651695
-0.00359283376867581
-0.000769886201756886
-0.0146435644145071
0.00414511399735862
0.0504429371400827
-0.0128333446664297
-0.0413116646261313
0.0344717716692644
0.0107808116977415
0.0477255234465956
0.02050479468792
0.0167280387385227
-0.0113052677561898
0.0477822692393617
0.108482211083821
0.0329108386810106
-0.00733998888951259
-0.011409849138605
0.00154453866406251
-0.0110449697576898
-0.000358320709778481
-0.556222880403462
0.0134772661124827
-0.0187192377944179
-0.0180233041371602
0.0122396624069043
0.0285750131055473
-0.134882600310249
-0.0115017623478098
-0.00497338730207908
-0.78748419607263
0.126408189051419
-0.0175249130811683
-0.0239636225968454
0.0384150314210907
-0.0192159023119365
-0.159790359724482
1.01949172907707
-0.00212839356067418
-1.06763803051735
0.0397972898799059
-0.0192817416648561
6.08110358268796
0.0218319793772292
0.13485956439595
0.0308595500619013
0.130404567491627
0.0129600861543178
-0.0146334399356851
-0.0284727224272086
0.00888124736855289
0.197581531979851
0.0189776279849951
0.0160614716851963
7.04203247825497e-05
0.0284359243423848
0.00762187943215628
-0.0416577548546071
-0.012789571384636
0.00706723277734689
0.286403960120774
0.0245381782855159
0.00146068904470775
-0.0263231591408231
2.27229718061533
-0.00324622325061918
-0.00894670969113776
-0.00186850992626164
0.0221300659175722
0.0229913217970446
-0.0256082658617263
-0.760898153066913
-0.0135155649969243
0.0130252060784652
0.00575549029431244
-0.0122384889965743
0.00878225525740434
-0.00655087340458715
0.0795222387375893
-0.0294977206586444
0.0213488950638913
-0.0189444526880245
-0.00973453523438472
0.00534649381608854
0.00288560598435406
0.000495427702225382
0.310038365931897
-0.0111620260787315
0.0167895898336767
0.00730921676941332
-1.32723501058364
1.05241646923588
-0.0199710295334277
0.951223546400481
-0.00807585193171034
-0.00243444512493252
0.14993300350065
0.385651232975781
-0.0164054996136698
-0.00605722877823206
-0.00285826282860127
-1.49033907406746
0.0262656646203785
-0.00202855237487753
-0.012675156667119
0.00247287367895477
0.00182380514349711
-1.11067881562227
0.0155892398513768
-0.0373005672625715
-0.0168933281329275
-0.014862872645105
-0.0228687425843588
0.000458250859308729
0.0172838341494508
-0.0155719018860134
0.00577884976188936
0.00687555556211361
-0.0112749401748324
0.0111338178109488
-0.00719889054375811
0.283430284232722
-0.0315608776876086
0.0244261669884588
0.010543815857933
0.0190823809427393
0.0158441132183995
-0.00876246091909283
-0.0184185225499012
1.40654214570453
-0.00336382457464257
0.0144499743126802
2.95422549319386
5.6846613630257e-05
0.878366203513836
-0.00537399037028041
0.0155346940618806
0.665746891826935
0.927153889792598
0.02141245427566
0.019498034010379
0.187565086682459
-0.00554521226556748
-0.0193610067122707
-0.01058946800927
-0.0066878087687211
2.61927950551116
-0.0333261088478864
-0.0168934225018846
0.00642928320303549
-0.0131651704185942
-0.0260550747327226
-0.0119621380461177
-0.00171206562791237
0.0140994983851672
0.0223995083407647
-0.0164579809266208
0.00845401824333125
-0.0141005429698526
1.03622517073337
-0.0156863977712862
-0.00999855439189901
-0.0269449570759028
0.0692832858768144
-0.000296847114455989
-0.0278207647175122
-0.059516168289564
-0.00409433964752015
0.0252961038791064
0.00824442057487107
-0.022782796184545
-0.0197631645236951
0.0248292897581326
0.0138134881331076
-0.000896207218459288
0.0192314284032213
0.0196644548322578
-0.0061251530252493
-0.00966861850349721
0.0119704515435692
0.0125466685361508
0.00547734440404929
0.000530268135423562
0.00196150427685948
-0.0540362499226787
0.0270464194643383
0.00168684677795961
0.00183018026714832
0.686731591701584
0.000130496635858401
0.0190696477487928
0.0345959145278796
-0.00208584119729682
0.00678436278077621
0.0164186204251293
0.00474291761602963
-0.00602065486101644
0.0119982056726031
-0.811790711298854
0.0025778237875751
0.0622716505722654
-0.0169279933616873
-0.0141867545841667
0.00141228541699068
-0.0194822801992844
-0.0167673375340904
-0.00323256373495617
-4.80872990875183
0.0193515054471516
-2.45739651969977
-0.018794555732804
-0.0138156987918525
-0.00868850422044432
0.517945635325379
1.02503527964513
0.0124393406078172
0.00352523254835702
-0.00453577366253954
-0.0122347167783809
-0.705854457741473
0.00678813055744465
-0.0350222476125386
-0.0158337692380384
-0.0528310472452609
-0.051010363400078
0.0297117126132979
-0.0282226016460885
0.0489664782625021
-0.00213929205658409
-0.0155009106973303
0.0064346776193186
-0.04757618500697
-0.00883601816762392
2.97347715312335
0.0101120849153813
0.00797845691410393
2.66611867968568
0.0264908388178886
0.00905442382358457
-0.00307724792880937
0.00703496163256823
0.0240134792040547
0.00615478373150458
-0.00451350284396135
-2.04528623469857
-0.00679719617405761
0.00261887130664218
0.0167584480732064
0.36448489628529
-0.00654804458402047
-0.0135604604602713
0.102979641640399
-4.27915078599576
0.00684078965620949
0.142319457223725
-0.00462986854614655
-0.00169672016815392
-0.00907362532274608
0.199627436866923
-0.036378333546927
0.00158903358464801
0.0149936887667915
0.012904667700353
-0.00860503349947028
-1.09663109306604
-0.0179646956997792
-0.0126660289871516
0.238172123712327
0.000239120209577504
0.00176082390653531
0.0186589467381093
0.0627582352841771
0.0107349456989647
-0.00388863374323201
-0.0102912571824043
-0.013252125134755
-0.0569787415233607
0.0141990348478727
-3.76909219329148
0.00782195983874967
-0.0136216476660289
-2.23655308872341
0.155031753746615
-0.0265382118093571
-0.0079359246088484
-0.00200207901270844
-0.0043349954290825
0.00343878239015272
-0.0192810496028928
-0.87984324473751
0.00343300625221254
0.00346716105276146
-0.00471145233397648
-0.031623760887417
0.0125850437594721
-0.0200080174943273
-0.808926683105815
-0.0193949379195923
-0.0105342618835214
-0.00841281374472924
0.0227045619296873
0.0138869783872897
0.947004487053027
-0.00376761741917031
0.0242838268237872
0.0125377443031427
-0.00454439440321641
0.0231127074357407
-0.0204191554847299
0.0494301800864683
-0.00621569433131852
0.0223525713725636
-0.00132424346332982
-0.0134870986846169
-0.0240936911806267
-0.00994134956731063
-0.0122033905006147
-0.00592875116701697
0.0178248980383405
-0.0301880006612909
-0.00754133426514869
-0.0172861577577899
0.0111383975335166
0.0120997429676639
-0.0209441487560524
0.0231582409569997
-0.00545922609226923
-0.00914372073634873
-0.678272170371852
0.0417871283619364
0.0178839336193337
0.0107040316868645
-0.00436942551331754
0.0181605983104627
0.0116541962884686
0.00577206118247409
-1.04600361887842
0.282371648061591
-0.00892369433935503
-6.67835362677671e-05
-0.0240642532921442
-0.0593631566712993
0.0224806646536568
-0.00496657252563315
0.0254514528323146
-0.0175314522954384
-0.0118815822163776
-0.541640689771591
0.314155323186593
0.0210517278291328
-0.0529566642738954
0.0170534424876134
0.0251384655448009
0.010791616627126
0.00293083657847415
-0.0171954249134409
0.0119372508505494
-0.00900917246844379
-0.014128122916468
0.0125249567453301
0.0101197834202399
0.0221914303656923
-8.10626395009173e-05
-0.00303720031342158
-0.00127469939630309
0.0593357897703206
0.0204399656301146
0.00828564227622897
0.0104333343961871
0.0248620747645867
-0.00178113711348793
-0.0166996057179847
0.0248200087734296
-0.0247114369691104
-0.0130408919647773
0.0210474830131813
-0.00294921983474694
0.0303849051225491
0.00203788189221399
-0.0336614296877424
0.00444238919539153
0.0300643784469812
-0.00865192384774671
0.00584963807378491
-0.0139168875054607
-0.0144016463364927
0.00767115485531544
0.0125738564187294
0.0279712947829247
-0.000115425053082152
0.026531544007935
-0.0131393622853637
-0.0368099156805302
-0.0296026268224336
0.00550462659665296
-4.30795076555894
-0.00264314987502845
0.030936668258269
0.0214069681103268
-0.0097374714262688
0.0299237251329465
-0.0386998919257586
-0.0318348744232977
-1.68176428992408
0.0056469908333745
-0.00117162538923743
-0.00196748865669005
-0.00746711728024929
0.0343539851167307
-0.0124319201445844
0.0108506820772458
-0.0389165090594057
-0.006373178477459
-0.705072779206095
-0.0470322580249261
0.0186776116482046
0.00162008733753938
-0.00637721580036832
-0.420180910847728
-0.0209903213760687
-0.00188692158991088
-0.00738810536346224
-0.025465714265116
0.0224064743931884
-0.0298074585495023
-0.00768902955171902
0.00453887920967011
0.021667812470999
-0.0126266833759381
-0.000347089911634235
0.534069306045837
-0.00111955354128446
-0.00148308827831872
-0.0267811611472435
-0.0114033505455691
-0.0151127971321136
0.00784488252184301
0.0112840437920703
0.0131940522992591
-0.0400016995075192
-0.0832540355670486
-0.00273818247221655
0.0139433771021547
-0.00781408389814997
-0.0129793241249621
-0.00732682190554002
0.0213942063465811
-0.00740060456026481
0.0081928274496712
3.14138572843042
-0.0283833679979695
-0.0350957349981695
-0.00519211378902096
-0.0342088770592053
0.000691738476960024
-0.00983489686802175
-0.548916194197291
-0.0012807745886162
-0.0202030361069694
-0.00501884943544528
0.0169877035511468
0.0045464408061191
0.0152012128283308
0.0173760742155582
0.003166694332013
0.173329784123034
0.0189025486224015
0.0679267004513817
-0.00694613674458999
0.222113843050759
-0.0444962783398783
-0.0152215932511135
0.0159628286495461
-0.0151431898732901
0.0609798767033431
0.270015439239824
-0.0311869270837595
0.00662705619904891
-0.00874249727805809
0.00365498460273006
0.413009171952261
-0.00836340516658929
-7.39457416742972e-05
0.0232601811208544
-0.00725349907441108
0.00775285041237916
-1.48274803324355e-05
0.00590837237361974
-0.0019374143830464
-0.0127732648625478
0.00833781729280836
-0.0307152152518253
-0.0121849012096276
0.00319563944968793
0.0144620689778163
0.00211439721898854
-0.0732550313829128
0.00869823469444864
-0.00914890657577883
0.0141622821349996
7.09254775350621
-0.00788041960202435
-0.00184911151645678
0.261073973010006
-0.0030351757081104
0.00368351680183482
-0.0233871689771958
-3.9873841504908
-0.00436936430050494
-0.0240380216819269
0.117217241975726
7.76538125579762e-05
0.0179237219414596
-0.0102542887248869
0.00522064621345103
-1.970933961525
-0.0108298698766274
-0.743963746030663
0.00691877145087005
0.0192756160950269
-0.00434838435107165
0.00770725658030269
-0.00386568693473421
-0.0206859646749269
0.0196178340461817
0.027679033034389
-0.00565672564010467
0.00557263895067939
0.901951510795568
-0.000301677107600318
0.444083669102802
-0.0498699946262227
-0.0126941324328222
-0.0184524391244167
0.00559376905408526
-0.02230982538447
-0.00117370460609445
-0.0144398439040905
0.010823527845949
0.0244931618936961
-0.00971889920253766
-0.00505664090416635
0.00416341524005492
0.0274993241228261
-1.36201635157212
0.0776136398064176
0.0231405860283473
-0.67187989624975
-0.0159281378886156
0.0151688282731322
0.00539529959151519
-0.608111544262324
-0.0202638338589467
-0.00398807800838785
0.0576224551603777
-0.0127249195706058
0.0132364007495334
0.311901536779952
3.76991532226141
-0.801087737894897
-0.0106937543790542
0.0162006616270971
0.0174052495621191
-0.00756732350692124
0.0902003661848921
0.0285949857233625
0.00188130002168885
-0.016238244849387
-0.0117211971944559
-0.0177523672453161
-0.218926355850735
-0.0537247756863868
0.00275597078544243
0.00262197912558812
0.00387532369973131
0.000287810154786516
-0.00726790736018113
-0.0112738593736172
0.138736482682345
0.00107155698349515
0.0303267218581094
-0.0103991454274213
-0.0173089899512258
0.00919811440656948
0.0109351011364667
-0.119043148829834
1.79492269623789
-0.0121231248098153
0.0114094595771053
-0.00922602260994831
0.0989032419288771
0.000718687125622619
-0.000546841227683226
-0.00608332586204963
0.113568410869114
0.0125472169132723
0.027585854994816
-0.0427436315760366
0.00838408896252085
-0.00566264856068921
-0.0246332857349651
-0.0119255022760112
0.0395002595466626
0.00483877340368317
0.0256673834907462
0.00280486896879484
-0.00877823152416468
-0.00561281218945386
0.00320439316453536
-0.0167934823766092
-0.0144654755446394
-0.00493006175692479
-0.0991537174875767
0.00129878274943707
-0.0067491498551453
0.929254175943367
0.00580795202492768
0.00393763008121883
-0.0189659035029099
-0.205599226528896
0.0130601908161554
-0.0114402367464517
0.0389767689136233
0.00509462843836794
0.016518635130347
0.0379785764243912
0.00424986789645532
0.0088656713084112
-1.3216956952029
0.0339127401272732
0.00193725420311042
-0.00676728469951871
0.00922377580803158
-0.0132957865493555
0.0252520126064804
0.0067634679254025
0.00540069212222605
0.010944020278536
0.0160377717141613
0.00820362066636937
-0.0242516948816829
0.00586195217829877
0.0228752496815726
-0.0301636299979424
0.0352591086905107
0.0194549882662765
0.0840080485383199
-0.0153832112579466
0.0251454745277158
0.0713783702471993
-0.012488510322739
-0.0100655128438043
0.025479429760672
0.0181102440691472
-0.0188999293817049
0.0187232266277926
-0.011428694785123
-4.87792000458676e-05
-0.0143753357605747
0.00991492252785386
-0.0117660220028848
-0.0179586192702308
-0.0271777524417649
0.000408595163570169
-0.00154725811154499
0.0228303344812719
0.423993882431595
-0.00152759709450834
-0.0014977907721786
1.09416965998874
0.00817940336339529
0.00151140817412632
0.0207133549939842
-0.0077188366458536
-0.0145822123928108
0.0385090412153122
-0.0226491561052838
-0.0455705877883572
0.793867528172976
-0.00983174095453565
0.00140369442224175
0.0149046675574915
0.0105826163430633
0.0254685929021781
-0.165277876365433
0.0307330018514573
-0.054949858558373
-0.000239473622432734
0.0153385161224401
0.0587273074500239
0.00650824213964118
-1.16549890968956
-0.00407135251025981
0.00422201144621992
-0.0186210699739453
-0.00984703577254775
-0.00602987742324146
-1.35908366710118
-3.77497282093083
0.00297477503706789
-0.0232066209651993
0.0172989855675598
0.036310686692731
-0.023060885458559
0.0235328299796334
-0.000426576069301188
-0.00943735202931784
-0.0110556167639608
0.00226080405612006
0.0153492126300836
-0.0047348637018052
0.00307172776587983
0.226971138318643
-0.0167348075456375
-0.00282860934994744
0.0592792160145184
0.0486274892146588
0.0132128387509367
-0.00481778755161977
-0.0437590763232132
0.0166135403345147
-0.00968764164889224
0.00595557741372987
-0.0207080558693673
0.00649494139975948
-0.00079189096952037
-0.0363491913449476
0.0192092617675443
0.00217009113473617
0.00691586449318438
-0.0302917072230013
0.00847264671409442
-0.0093453220168016
-0.00401330184833792
-0.0185858412758422
-0.00555383195186276
1.74544250498858
0.0533753136164494
0.0276536845578712
-0.00676685562651658
0.00278305012673119
0.0100792886521983
0.00867732158732759
0.001637713288416
-0.011563864233527
-0.00736130838208116
-0.00363746400985909
0.0114959195146813
-0.0164957886312267
-5.91121098801554
-0.00537192492041649
0.071404388071078
1.12293451648799
0.0250763786010216
0.00401147611400754
-0.0174660882287903
0.000892308085138904
-0.0118078956246159
-0.0113603548521191
-0.00504382463909214
-0.0189815003789506
-0.0129002116082633
0.0048415284687825
0.261985516101149
0.0281349127866648
0.715149460923437
0.00272446973680895
0.00976046939979991
-0.00461078431750472
-0.0160246440335077
-0.0206541914939851
-0.0448312589915068
-0.00827076246524561
-0.0237613723278574
0.00210991005587524
-0.0271718425344569
0.0276850789777183
-0.0263076782007099
0.0119330662217199
-0.0112555613377641
0.0280534212172057
-0.0282136547498757
0.00551193218298329
-2.29515598751485
-0.00864747635317409
0.00139642846340715
-0.00422814542346273
-0.00359471197215466
0.0183618640614946
-0.0090659792779002
-0.00401436702645031
-0.27636586333204
-0.0283620166473014
-0.00144995490551358
-0.0115713929902173
0.0190972948170998
-0.0271793108802598
-0.0406414602524552
-0.345867146185719
0.0149867557663635
-0.0331629149941615
1.86866918215022
-0.0132538798873649
-0.0137678127607233
0.00863038685980921
-0.0111327791217863
0.0129731691435819
-0.000476763290241378
-0.0281248262132161
-0.0131063212953114
-0.0239118467443733
-0.00438404282282479
-0.0230507318441597
-0.0218934944567095
-0.000107132654791897
0.00588418938558544
-0.000349480556249837
-0.00845521893738654
0.00267168245776661
-0.0170404282432535
-0.0229602632717429
0.0124232708212352
0.00704192645167856
0.0166721090569699
-0.00416698044601316
0.00293817524142925
0.0220109308318117
-0.0217728730067757
-0.0200676621423007
0.0228336469857066
0.0851850021793277
0.0116213621692896
-0.0142135140901445
-0.00179190113679395
-0.0079971160596215
-0.0240569026799642
-0.0336799494145668
-0.0323059186127739
-1.04127720068921
-0.0121158335136928
0.0161491271237157
-0.00618958347993193
0.00820820101748443
-0.0215438697041492
-0.0109744152782421
-0.00239518805570382
0.000789342203377785
-0.0147338800156757
-0.0040634708468601
-0.000835860904335739
0.0113891172050615
-5.24206582031006e-05
-0.00227215200784281
-0.0139999061370299
0.0274166982619783
0.0555597535112362
-0.0159565486029467
-0.020853925188502
0.023625312343728
-0.0125251401340454
0.0147257885934393
0.018649901879475
0.00155603525023862
0.0150958034782989
0.00910621587002503
0.0346820884637777
-0.00534848992217174
-0.0118034556667146
0.227005351317994
-0.0106084764550998
0.0282426887231069
0.0236845644230495
0.0333761901618046
-0.0293993256493458
0.270780674756121
-0.0886746767993829
0.000682497661341763
-0.00674953622699093
0.0256764936637816
0.00610422161264612
0.0384089960725142
-0.786499313237476
-2.24676418790226
-0.0208758512396878
0.099254740245458
0.00759465946467697
0.000798074259511505
-0.0123752289715395
0.00550170857971377
0.00772828618280652
0.010033195969078
-0.0184906227691517
0.0116895048766774
-0.0133958530072253
-0.0168333204850157
0.00377442856898946
-0.204912841932459
-0.0195527806549078
0.164094391010861
-0.0143174296377335
0.0017855505237141
-0.0181583815387576
0.0108250879819166
0.0263232416458065
-0.0041532930807775
-0.0159897888984212
-0.0183750000055882
-0.00281188588896475
0.000736636429821136
0.00393095810764521
0.0146420490363397
-0.041919302281912
-0.0070545259519661
0.115813308425872
0.00523303568328304
-0.00514133945828665
0.0019415790961208
0.0548901869432933
-0.0196880127469989
-0.00133804328715237
-0.0125442169501055
-0.00761123682087583
-0.00478540128562299
0.0124014700655706
0.0276660309744048
0.00765648940947994
0.00107609352374416
-0.0138102188043984
0.137609143933892
0.0138032580924152
-0.00911978454536388
0.000805403174125585
0.0135613694691394
0.025320117623151
-0.0353258892092742
-0.0261232237410813
0.0367636727260146
-0.000383942374265756
0.00221609091449193
0.00627562671158266
0.0240490918586633
0.0194408641925436
0.0149320323856339
0.0289324133655067
-0.500220540300605
-0.543288930317105
0.0976599839866144
0.0144092086018344
0.00244701145347137
1.26615358651283
0.0029670775612195
-0.000196370956651037
-0.0061036922031743
1.81295490362217
-0.000395547030795917
0.0115671721867522
-0.0119367094370104
-0.00530847955053371
-0.0156442493559394
-0.021003568403255
-0.0308244156338011
-0.00849516650228907
0.0165467366116889
-0.0253080062184247
0.0154195100898868
-0.265363476894354
0.0373555419524219
0.0123452895092746
-0.185536112890494
-0.0130857028371456
0.00808217343150897
-0.0237833829676792
0.000834639173663554
0.000755972961530293
0.231465547829401
-0.0147744129605276
-0.0263192231271026
0.541799987890007
-2.31417374043804
-0.00543618707194438
0.00776651382179416
-0.0370194415959757
0.0535376648607921
-0.0134910164488744
-0.00719850852411719
-0.0952992383094542
0.0315918692931128
0.000291789772557949
-0.0199723554561881
0.0150783346398675
-0.100151350685551
0.0100046996383774
0.0101333851689783
-0.0229672595358887
0.00211700671935988
-0.182000156855516
-0.00256394081459277
0.00781134783214288
0.000131157871197107
0.0098919282878418
-0.00249661085289787
-0.000727162494207345
-0.00304408359943498
-2.14742402011142
0.00270001051607127
-0.0274201764699056
0.0153407462302246
-0.00358563547526169
-0.0296679267561606
-0.0137294775982039
-0.00906375526067427
-0.145158718248761
-0.00314988832610247
0.000843524413463026
-0.0166145015341956
-0.0385002759912489
0.434066799033683
0.00330833235964167
-0.00294844196681021
0.0130606239259867
0.0044321949985382
-0.607946623325936
0.021002231723577
0.000580901781510601
-1.89262224591641
-0.043963428166971
0.00271304165329056
-0.00435118825124481
-0.0488960898673008
0.0059285660686581
0.0180035617925012
0.0257843209752973
0.0871337275113626
-0.00204113354236313
0.0126440601431715
0.0285638441171743
0.0291343538215694
-0.000596253445177275
-0.441026649657911
-0.00246800775499656
-0.000608663074208593
4.81042451350096
0.0133636692907124
-0.00809856196428982
-0.0159166395025001
-0.677136596061378
-0.0165681010181662
-0.00811179059916345
0.021854696607293
0.013516080207987
0.183203096706791
0.00317256067110527
0.105369608672601
1.56451228622281
0.00582410337633399
-0.00106088531188209
0.0164164518920207
-0.0201050223880284
-0.0148627261898793
0.0105659273963665
0.0114947083870859
0.000348666452149038
0.0392434196804459
-0.0143524429597752
-0.00762202305948367
0.00386886386952723
-0.0135649859168779
-0.0178709723688164
-0.0317496671468631
2.17157492561689
0.00926044026540174
0.010381150030736
0.00516449793692697
-0.0195283038088689
-0.00424972187987871
0.00157211476012886
-0.000910618250804518
0.00853166930318006
0.036510357521502
1.15111451429625
0.0226876740002879
-0.0526473174679909
-0.0170636768269464
-0.0306355951321002
4.59542684893799
0.0131180073127068
0.00765497173763063
-0.00920938550078576
-0.00430072542229043
0.00377622769530683
0.00964642568282992
-0.00300803732794785
-0.00215376190172423
0.0119979483680033
-0.00234652087359732
0.011703603688562
0.137399012748707
-0.0081640638616931
-0.00635961492985171
-0.220153235124865
0.00999342022124095
0.00872686851429647
0.0218220674674419
0.00509690794995299
0.04441967501847
0.0258736358527134
0.00379199469074942
-0.0250014904843054
0.0156372231108315
-0.0409170349548793
0.0278712716945129
0.0029924967452466
-0.812729062978884
-4.09778320286733
0.00193463567154661
0.00319931839726784
-0.0140390965752302
-0.00347436025980863
0.00213156580305407
0.00636336000556792
0.0331810587991255
0.0141239531941895
-0.00183574484798887
0.00628070805037684
-1.21150743134139
0.00335650548376476
-0.00498256738925562
0.0016948485282442
-0.00305202149387673
0.00681115865731607
0.00750435869083521
-0.00986914523372073
0.0217158597529687
-0.0172358382812876
-0.00883424523262233
0.0706383356975704
0.019754014594859
-0.0158746429702455
-0.0267701168909174
0.0403355683144035
0.0851390253701179
-0.0235811620407311
-0.00281953637703003
-0.118052770199789
-0.00812759570963939
0.011292173186761
0.0256201695674307
-0.00286537791884256
0.023986607530091
0.0783342659423814
-0.00336437703776227
0.023740337276601
-0.0192765153072538
-0.0345957863633228
-0.0141095793244561
-0.000146370265940998
0.00217870822676325
0.043814579501833
0.00371691826622778
-0.00776627780375572
0.0157215192263971
-0.000906178113817963
-0.0147965233713188
0.00405696373537157
-0.00343727711847319
0.947418103484281
0.00641651511531505
0.0219116183540868
-0.0112422193853878
0.00271267242226703
0.00130746184301075
-0.00368311191414894
-0.0735718658273377
-0.0147614675177876
0.0143025058670199
0.012551374736447
0.033817121789434
0.00739122415345794
0.00366279268285696
-0.0165597452006061
0.0347986733575029
-0.00028651889801834
-0.00137160003855219
0.00653864454316366
-0.00681720553546983
-0.437778018760249
0.380692448993172
-0.0186570700971084
-0.00442002459052904
-0.00322631961597875
0.0319482886258826
-0.0306434524248389
0.852307004868547
-0.026652956446005
-0.00281339905799927
-0.00161027684379977
-0.0138141493196575
0.0212917877546182
-0.0161774224647915
0.0287802702251261
0.0123122358038463
-0.00555296463418675
-0.0519975045506493
0.0529360995941808
-0.00548876663910708
-0.215601779650143
0.00214344717746062
0.00681701495580112
0.0300088648972685
0.0302415549507995
-0.00251985717915071
0.0438516219061325
-0.00168805753869572
-0.00325506014304811
-0.00151184939736204
-0.00133649247321399
0.000632365066827179
-0.01019506853428
0.00662785977799674
0.0901210435476418
-0.0124514626504951
0.0312945244443918
0.00281489288416759
-0.00892071691093177
-0.0116175215490233
0.000418378700994815
0.0189344109599365
0.0142352280557145
-0.0521615048129587
-0.0109076350255144
-0.000659060655139321
-0.0210279118273093
-5.33031208825405
1.61461252299289
-0.000963479845506043
-0.0341810234545936
-0.0109204653959916
-0.000787845141259069
0.0102079569627156
-0.0856160962216745
-0.0115085310312013
-0.00193970705029411
0.0789513244586149
0.00926201707034391
-0.000866723564652006
-0.0055209016961183
0.00244427471617209
-0.0365120578945777
0.00433327423912111
0.00308259161051483
-0.00551614664542066
-0.0411305297586706
-0.03870604194397
0.0110981835607094
0.0133894600628376
0.0209922023230669
0.00300955747511988
-0.00842019274843869
0.00846267383420862
0.0326525566245628
-0.0123797339199649
-0.847422421886931
0.0316936647224514
0.00297803187230272
0.0258784267883061
-0.00512936014593901
0.00377461721655648
0.0027526548638801
0.00336602256641449
0.0132443849556796
-0.944105445637222
0.406789631130722
-0.00824390566592226
-0.00870566949038309
4.75415259832966
0.025666640108668
4.69284258071942
0.0260768733774452
-0.0143402166104645
0.00992040690995788
-0.0716767309316135
0.00424254538049507
-0.000743626945542974
0.513458265326949
-0.013828503832547
-0.0170328375147633
0.0686003886197883
1.72508228947289
0.00657931489275732
-0.0228109515101382
-0.0159639124525879
-5.03584669950023
-0.0154915362927777
0.0137584947370872
0.00879372393108868
-0.0118972466807254
0.00907790973465605
0.0152193239939646
-0.0147875770928674
-0.0120956387485383
0.0118894059926322
0.00722394795947823
0.00327281516846467
-0.609111032556664
-0.00157729856811173
0.00339960344543089
0.0298462172358627
0.016725182888766
-0.230074502873995
0.0415080831166148
-9.2858306508781
-0.000713646867971096
0.00241275220292936
-0.0187807366830994
0.0508330219854497
-0.0209054776057149
0.0234705226665299
0.0153840372950798
-0.0188087093929867
0.00106101289365501
-0.0283378209636531
0.456174830030848
-0.00749500525111246
0.0126228501873826
-0.0275572238455535
-0.00148374327428868
0.00501200660863871
-0.0209320841287886
0.0594088613999344
0.00369335965350603
0.00491620903930734
-0.00698815390761665
0.0471978340989665
0.0103601386537922
1.62033058005455
0.00748981669072002
-0.00185754006685884
-0.864463337696642
0.0194731784621038
-2.00028901731756
0.13088281400031
0.00307614116868971
-0.000414799503045682
0.00242226961570946
0.00483670227899302
-0.0233474461508565
7.54402666958129
0.0439475310534732
0.0853431538863081
0.0296745432481482
0.00324492181915104
-0.0295176759263382
-0.000686609885488599
0.00687627876941876
-0.0212274163352788
0.0137571686170734
0.149932154731536
0.0287449417919694
-0.0240606997012782
-0.0491600375262746
-0.0117783102009716
-0.0122493020463188
0.00269834147146319
-0.00237185583074062
0.00506800702525512
-0.0417076724992138
0.0208647202476667
0.0183575473847952
0.00292852744152583
1.59358920669196
0.00456023239285841
0.000827435577345492
3.03700720125483
0.0320462529134147
0.159645348929038
0.00439938784660872
0.0208085852047735
0.0947399004297744
0.00580902844159459
0.0317899221987439
4.01546787043294e-05
0.0163441110972246
0.197343462925897
-0.0248845985285961
-0.0148834309141588
-0.0613512527412263
-0.00201783069740391
-0.00514939193285158
0.0239236130023468
-0.0219002084236752
0.0353550702902661
-0.0112046414472933
-0.0172006212717957
0.0323423275424561
-0.000569525565896623
0.00163220840633249
-0.0656913428210781
-0.0208298972005694
-0.00478824009700618
0.0202396691282303
0.0136772425116782
-0.0145826003741752
0.00386467916982935
0.000654736900396191
0.000118601147369723
-4.08027592951447
-0.0234764276345167
0.0137721610108166
0.00142147339292631
0.0241845086586645
0.02063425979143
0.117964208174992
0.010214372357964
-0.00567000742301427
-0.0262308870562777
0.0132730158322214
-0.00572804084980894
0.0180429842615903
-0.0107182056861999
0.0316057020287475
-3.8335419274301
-1.54567725346613
-0.00492473395321547
-0.0139485192976574
-0.0214764629967279
0.000168613587181454
-0.00899370784323006
-0.0118527350620262
-0.00428678494698922
-0.0137276912233752
0.0582105565926638
0.0142991516066171
0.0143861826615743
-3.52814930104292
-0.00495049391616709
0.0219685427504279
-0.00314090530402489
-0.0219930577754379
-0.0186686667849323
-5.18509742511686
-0.0253658922972133
-0.0359789935979626
-0.0319008348089289
0.023394217455841
0.00062023261176436
0.00177028685437453
-0.0442059848723364
0.00252817556904983
0.0107005499433432
-0.0113803175970373
-0.00607836344009294
-1.93475213635247
0.0208252321115598
-0.00684417838586748
-7.42204356701089
-0.00686819086477275
-0.0265865200174353
-3.18887658536107
-0.00955917700333764
-0.00309631938921195
-0.0119049033757257
0.00841677238470062
1.29002289826509
-0.0158878222980191
-0.514788960914653
-0.00412684417336884
-0.0382976393938361
0.0314656097898047
0.0132375017892095
-0.00313109145280155
0.013664705177141
0.0107623973605753
-0.0117408644291106
0.146161876895934
-0.0119828390998555
-0.055558578255005
0.00589842394949636
-0.00574502994367121
-0.0156546536785651
-0.00603978035903091
0.0234455397779221
0.000615081350308078
-0.022660788730966
0.0225801684304527
0.00718832977315564
0.000704242992777271
0.0345111951965293
0.0477892897823406
0.0185093472761744
0.0684018303303627
0.00601129393940081
0.0226069922630301
-0.0454652993393867
-0.294886899377694
-0.0135156571468897
0.00200980083601143
-0.0123401845067095
0.00859454305048857
-0.000790997581807799
0.0153200079275884
-0.01239975655144
0.0773208295377525
-0.0261233605172384
-0.0128553971234235
0.0163319179711158
-0.0116660528473367
0.00420841547907891
-0.000968695748437831
-0.0136093022282596
-0.00881882901305753
-2.73148380926687
0.0209484902966461
-0.00342576125721972
0.0294140219876393
-0.0130819668933579
0.0322241147800939
0.0354661083217689
0.63003988273318
0.0151665026188241
0.00692540450558665
0.0224098090011324
0.0452880701447667
-0.00993945279655906
0.00968599024391281
0.0388490166953193
0.0025932778248805
0.0583180132398553
0.0107271667367681
0.00222282087902759
0.0255410992199168
-0.023118036970482
-0.0499668275067311
-0.0476159959406641
-0.0111474766060549
1.5818543508419
0.0120169030608464
0.00426587110045062
0.00474301546533606
0.0170249587928328
-0.00999373531451464
0.00787676994713493
0.00400540980762809
0.00254532177473843
0.00999470845594042
0.056285909177789
-0.0377292069597968
-0.156671800712627
-0.0663604422826758
-0.00661662881922265
-0.005099332186842
0.0258795362055531
-4.80948926206376
-0.764195582057395
-0.121784073978559
-0.0126610752319012
-0.0134970581693594
-0.00594494098062337
0.0172918007920186
-0.00370712674495621
-0.00316629908873045
0.0170030803453736
-0.0406954939628612
-0.0149943446179857
0.0176485530304804
-0.00803022948237253
-0.000140057676567551
0.0153315408806531
0.00204830547233525
-3.60327662283563
0.0209961290696725
0.000232309356473781
0.0138702702831117
